232309012311   59 2.2 2.2    1  659 3.3 2.8
232309101011  130 0.9 0.9    1  320 1.7 2.1
232309101021   66 0.4 0.4    1  220 2.2 2.5
232309101031  127 0.4 0.4    1  127 2.8 2.8
232309101041   47 2.2 2.2    1  226 2.0 2.8
232309101051  235 1.1 1.1    1  299 1.6 2.2
232309101061  429 1.8 1.3    1  444 2.2 2.1
232309101072  695 6.3 2.9    1  695 3.5 4.6
232309101081  754 1.4 1.9    1  292 3.0 2.9
232309101092 1111 7.9 5.5    1  825 2.8 4.7
232309101101  172 1.5 1.9    1  808 2.4 2.6
232309101111  495 2.7 2.0    1  360 1.7 2.7
232309101122  460 2.8 1.3    1  332 2.4 2.7
232309101131  688 4.5 2.9    1  525 4.2 5.3
232309101142  558 4.7 1.8    1  483 2.8 2.5
232309101151  632 4.6 1.6    1  632 3.8 4.5
232309101161   63 3.3 3.3    1  969 3.3 2.7
232309101173   9115.7 2.6    1  584 4.5 2.4
232309101181  120 0.4 0.4    1  227 5.6 7.1
232309101191  465 2.8 3.2    1 1471 4.0 2.5
232309101201  110 1.2 1.2    1  395 4.5 3.8
232309101211  27910.7 6.2    1 1108 3.7 2.6
232309101221   98 2.4 2.4    1  683 4.8 3.9
232309101231  250 1.8 1.5    1  693 2.2 2.9
232309101241  604 2.2 1.1    1  751 2.2 2.4
232309101251  301 1.0 1.1    1  545 2.7 4.3
232309101261  468 2.0 1.9    1  988 3.5 4.4
232309101271  553 2.3 2.8    1  606 2.2 5.9
232309101281  673 3.5 3.0    1  698 2.4 4.2
232309101291  287 3.3 2.6    1  663 2.6 4.1
232309101301  283 2.1 2.1    1  434 2.6 3.3
232309101311  369 2.5 1.5    1  633 2.3 3.1
232309102011   76 2.8 2.8    1  437 4.0 3.9
232309102022  52711.4 9.1    2   31 7.1 7.1
232309102031  701 4.3 4.0    1  569 1.9 3.4
232309102041   88 1.9 1.9    2   88 4.1 4.1
232309102052  747 3.4 4.2    1  514 4.3 4.5
232309102061  228 2.5 1.3    1  441 2.6 3.1
232309102071  181 2.0 1.1    1  458 2.4 4.1
232309102081  106 3.3 3.3    1  106 6.8 6.8
232309102091  582 2.9 2.3    1  601 3.6 2.6
232309102101  492 0.6 1.2    1  622 2.9 3.9
232309102111  793 2.9 2.4    1  793 4.5 5.4
232309102122  580 2.8 3.0    1  689 3.0 3.7
232309102131  235 1.6 1.9    1  656 4.1 2.7
232309102141  153 2.2 3.4    1  568 2.4 3.5
232309102151   89 2.6 2.6    1   51 9.2 9.2
232309102162  640 6.211.2    1  584 7.112.7
232309102171 1133 8.7 9.0    1 1120 8.411.3
232309102181  565 5.2 3.8    1  705 5.9 7.1
232309102191  148 2.0 2.0    1  498 3.2 4.7
232309102201  121 2.2 2.2    1  567 2.1 2.9
232309102211  105 0.8 0.8    1  263 3.2 4.4
232309102221 1093 5.5 4.6    1 1043 4.7 6.7
232309102231  487 1.7 2.6    1  576 3.9 5.4
232309102241  212 1.8 2.4    1 1130 4.2 2.6
232309102251   80 2.6 2.6    1  420 2.9 4.2
232309102261  554 2.0 1.6    1  600 2.7 3.4
232309102272  996 3.3 4.4    2  333 4.7 4.0
232309102282 1337 5.7 1.2    2  443     5.1
232309103014 1597            4  945
232309103022 1857 7.8 4.5    2 144814.7 9.5
232309103032  865    10.6    2  890     8.5
232309103042  973    14.3    2  154    11.5
232309103051 1483 8.7 3.4    1 1297 5.3 7.9
232309103061  651 4.4 3.0    1 1494 5.7 5.3
232309103071  436 3.6 3.3    1 1902 4.9 2.5
232309103081  210 1.3 0.8    1 1266 1.9 1.9
232309103091  261 1.7 2.0    1  328 5.4 5.7
232309103101 1782 6.6 5.4    3 107710.7 5.5
232309103111 141312.2 5.8    1 1827 4.7 5.9
232309103122 1202 7.8 5.5    2 1202 9.7 6.6
232309103132 1218 6.8 4.5    1 1218 9.411.5
232309103141  808 4.9 4.6    1  879 9.812.0
232309103151 1900 9.8 9.2    1 2556 7.5 6.3
232309103161 1758 4.7 3.4    1 1509 8.5 6.3
232309103172 119915.2 5.6    3 162013.5 7.1
232309103181  624 4.2 2.0    1 1732 2.4 4.2
232309103191 1395 5.3 5.6    2 1682 7.6 7.4
232309103202 1626 5.4 3.8    1 1074 6.9 7.2
232309103212 1655 9.2 8.0    1 1446 4.510.8
232309103221 1126 2.2 4.3    1 1153 4.6 6.9
232309103231 1416 5.7 5.3    2 113012.2 8.2
232309103242 1468 6.2 3.6    2  798 6.3 4.2
232309103252 1243 7.1 4.9    2 1563 9.5 9.8
232309103262 1451 8.8 6.0    2 1127 5.8 5.5
232309103271  972 5.7 4.4    1 1566 6.910.8
232309103281  752 3.3 2.7    1  968 3.4 5.1
232309103291  428 1.7 2.4    1  608 2.9 5.4
232309103301  133 2.1 2.1    1  771 3.4 4.7
232309103311  873 3.2 3.4    1  873 7.3 8.9
232309104011 1313 4.4 3.5    1 1313 4.0 7.0
232309104021 1143 2.4 4.3    1 1271 4.6 8.2
232309104031  268 2.0 2.2    1  906 5.5 6.1
232309104044  422            4  851
232309104051  577 3.3 5.1    1  797 5.3 7.5
232309104062  825 4.7 5.5    1  710 8.812.3
232309104071  677 8.6 5.6    1  851 6.810.4
232309104081  306 5.4 4.0    1  756 5.7 8.2
232309104091  348 4.9 4.0    1  541 6.410.1
232309104101  576 8.7 6.4    1  645 7.914.0
232309104111 192416.013.2    1 2883 9.8 8.8
232309104121   87 2.5 2.5    1 1875 7.5 9.3
232309104131  488 3.8 2.4    1  800 4.7 5.8
232309104141  659 7.4 6.5    1  559 6.5 9.7
232309104151 1360 8.2 6.9    1 1314 5.710.3
232309104161  948 2.0 5.8    1 1277 4.4 9.1
232309104171  791 4.3 4.9    1  838 7.210.2
232309104181 1088 4.0 4.0    1 1088 4.7 7.1
232309104191  620 2.7 2.3    1  807 5.2 6.5
232309104202  952 6.9 3.9    2 1350 4.6 6.7
232309104212 1387 3.3 1.9    1 1726 2.9 6.6
232309104221  589 3.0 7.7    1  563 6.8 7.9
232309104232 1121 6.3 4.8    1 1102 5.4 6.4
232309104241 1157 4.7 3.6    1  977 6.7 6.2
232309104251 1403 7.6 6.6    2 1551 9.1 8.6
232309104261  912 4.7 6.7    1 1242 6.0 9.4
232309104271  310 4.2 3.9    1  744 5.3 9.5
232309104281  253 2.6 2.3    1  688 6.2 9.3
232309104291  199 1.7 2.2    1 1029 5.3 6.4
232309104301  128 6.6 6.6    1  12810.710.7
232309105012 1606 9.3 6.5    1 1718 7.4 7.5
232309105021 1231 6.0 4.4    1 1104 3.9 6.2
232309105031 1064 4.4 4.8    1  990 4.5 6.5
232309105041  673 2.7 3.5    1  739 3.7 8.3
232309105051  324 2.1 4.3    1  872 6.5 7.6
232309105061  272 4.8 7.7    1  516 6.912.6
232309105071  313 4.8 4.3    1  648 5.710.5
232309105082  608 5.1 7.7    1  52614.513.5
232309105091  947 6.0 6.5    1 2109 5.810.6
232309105101  205 6.9 4.4    1  708 6.811.6
232309105111  534 1.7 2.2    1  547 7.1 7.1
232309105121 1065 3.9 3.7    1 1065 5.1 7.1
232309105132  803 3.9 3.1    2  764 9.510.4
232309105141  590 4.1 5.1    1 1065 4.0 8.8
232309105151  376 1.9 3.3    1  585 4.910.4
232309105161  845 5.5 5.9    1  845 7.2 8.5
232309105171 127511.610.7    1 126211.816.4
232309105181 1206 5.2 6.6    1 1568 5.5 9.7
232309105191  539 1.6 2.0    1 1688 4.3 7.9
232309105201  680 2.1 4.0    1  868 4.7 8.0
232309105211  547 3.0 2.8    1  681 5.9 9.1
232309105221  687 3.0 2.4    1  763 4.7 6.5
232309105231  490 1.3 1.8    1  623 4.8 8.2
232309105241  237 2.1 3.3    1  431 6.410.3
232309105251  339 4.0 6.9    1  425 7.512.4
232309105261  411 2.7 4.8    1  467 5.5 9.8
232309105271  445 4.3 3.1    1  540 5.3 9.7
232309105281  685 4.5 5.1    1  706 5.6 8.2
232309105291  615 4.9 7.4    1  603 6.4 9.3
232309105304  366            4 1034
232309105311  118 2.7 2.7    1 1465 7.310.2
232309106011   97 2.4 2.4    1  539 6.2 4.9
232309106021  565 3.5 2.9    1  624 4.9 4.7
232309106031  686 5.0 3.4    1  776 6.1 8.3
232309106041   11 2.0 2.0    1  655 4.6 8.5
232309106051  156 4.2 5.6    1  323 6.5 9.1
232309106061  709 2.6 2.0    1  787 4.5 7.5
232309106071  522 2.8 2.5    1  569 5.1 9.9
232309106081  320 2.5 3.4    1  534 5.6 8.8
232309106091  427 2.0 3.5    1  480 4.6 9.2
232309106101  467 2.6 4.4    1  512 5.2 8.8
232309106111  274 4.0 4.6    1  352 5.9 9.7
232309106121  585 2.0 3.2    1  696 5.9 8.1
232309106131  475 2.2 4.2    1  675 4.7 9.1
232309106141  407 2.3 3.1    1  655 7.2 8.3
232309106151  460 3.3 4.9    1  536 7.510.7
232309106161  491 3.9 5.4    1  522 7.0 9.6
232309106171  482 2.3 3.8    1  548 4.510.2
232309106181  497 4.0 5.5    1  475 6.210.3
232309106192  959 7.2 5.9    1  959 6.5 9.4
232309106201  617 3.4 4.4    1  648 5.1 9.7
232309106211  535 5.0 6.9    1  645 6.6 9.3
232309106221  648 4.0 6.4    1  629 7.2 9.6
232309106232  828 4.4 5.6    1  828 7.2 6.9
232309106242  888 7.9 7.5    1  824 7.0 8.2
232309106251 1094 6.7 6.0    1 1082 6.6 8.8
232309106264  783            4  809
232309106272  473 3.0 2.4    1  537 3.0 2.8
232309106282  989 3.4 2.8    1  713 5.7 6.1
232309106291 1376 2.3 1.0    1 1421 3.3 7.1
232309106301  277 0.8 0.4    1 1420 6.2 7.8
232309107011  103 1.0 1.0    1  607 4.9 7.6
232309107021   56 3.7 3.7    1  295 6.2 8.4
232309107031  159 3.0 4.0    1  257 6.9 9.7
232309107041  290 4.3 5.4    1  358 5.5 9.1
232309107051  364 3.1 2.5    1  471 4.6 4.8
232309107061  509 3.7 2.6    1  598 4.3 3.8
232309107071  612 3.0 3.2    1  648 6.1 8.5
232309107081  639 3.5 4.8    1  745 4.9 7.8
232309107092  677 4.7 5.4    1  701 4.3 7.2
232309107101  556 2.9 2.5    1  583 3.7 8.6
232309107111  517 2.1 2.6    1  577 4.2 7.6
232309107121  498 2.5 3.9    2  569 5.3 7.8
232309107132  545 3.8 4.0    1  643 5.8 7.0
232309107142  634 3.2 4.2    1  595 5.8 6.8
232309107151  660 3.9 3.4    1  713 6.3 7.4
232309107162  751 4.0 3.6    1  836 5.6 6.1
232309107171  578 2.7 4.2    1  722 5.6 7.8
232309107181  615 2.6 3.1    1  724 5.3 7.5
232309107191  729 2.8 3.8    1  770 4.7 7.0
232309107201  779 2.8 4.3    1  816 3.4 4.5
232309107211  656 2.6 2.8    1  677 4.4 8.8
232309107221  513 3.0 3.0    1  560 5.3 7.8
232309107231  499 3.6 3.8    1  555 4.7 8.5
232309107242  673 4.4 4.1    2  655 4.9 7.9
232309107251  643 2.8 3.7    1  722 4.3 7.6
232309107261  238 2.3 3.5    1  431 5.6 7.3
232309107271  538 2.7 2.3    1  620 5.5 4.9
232309107281  609 2.9 3.9    1  639 5.3 7.0
232309107291  416 2.5 3.0    1  471 4.7 8.4
232309107301  309 3.4 3.6    1  404 5.9 7.1
232309107311  579 4.5 3.0    1  651 6.7 6.2
232309108011  627 3.4 1.5    1  689 6.4 7.8
232309108021  716 3.8 4.0    2  653 5.2 6.0
232309108032  809 4.3 4.5    2  786 4.5 6.4
232309108042  859 3.8 3.7    1  859 5.5 6.3
232309108052  760 3.7 3.5    2  782 5.1 7.1
232309108062  815 5.5 2.8    1 1276 5.5 5.0
232309108074  605            4  961
232309108081  396 2.1 2.2    1  647 5.2 8.6
232309108091  519 1.6 2.6    1  623 6.1 9.7
232309108101  543 2.8 0.6    1  660 4.5 6.7
232309108111  367 2.3 1.9    1  578 4.5 4.9
232309108121  390 3.9 3.6    1  448 6.9 8.4
232309108132  273 3.3 2.6    1 1737 3.3 4.1
232309108142   92 3.0 3.0    3 1203 5.8 4.7
232309108151  669 5.5 4.5    1  669 4.3 7.5
232309108161  718 3.7 4.2    1  707 5.0 7.5
232309108172  751 3.7 3.0    1  730 4.9 6.6
232309108182  754 4.0 3.7    1  722 4.0 6.1
232309108192  636 2.6 3.2    1  657 4.3 7.0
232309108202  680 3.3 2.9    1  680 4.1 7.7
232309108211  688 3.1 2.4    1  710 4.4 8.2
232309108221  661 3.3 5.5    1  661 4.0 7.7
232309108232  622 2.8 3.9    1  690 2.8 6.3
232309108241  302 1.6 1.8    1  412 5.1 7.4
232309108251  656 3.8 3.9    1  680 6.0 6.1
232309108261  724 4.2 5.5    1  739 5.7 5.8
232309108271 1291 4.5 3.4    1 1308 4.7 7.1
232309108281  860 2.8 2.8    1  927 4.2 6.9
232309108291  369 2.4 3.1    1  565 5.6 8.3
232309108301  376 2.8 4.2    1  396 4.8 7.7
232309108312  722 3.9 4.4    2  810 5.6 7.2
232309109014  448            4  669
232309109021  174 1.4 0.5    1  529 2.7 5.9
232309109031  161 2.9 3.7    1  280 6.3 8.5
232309109041  331 3.2 4.1    1  407 4.3 7.7
232309109051  354 3.6 4.9    1  377 6.0 9.4
232309109061  604 3.1 3.0    1  720 4.9 5.5
232309109071  819 4.3 3.1    1  800 5.3 7.1
232309109081  518 2.8 2.6    1  571 6.2 6.8
232309109091 1057 6.3 4.4    1  960 7.5 7.0
232309109101  573 2.9 2.6    1  876 2.9 5.1
232309109111  633 3.1 3.3    1  644 4.2 7.9
232309109121  528 2.5 2.5    1  584 4.0 8.2
232309109132  590 2.2 3.1    1  616 4.4 7.3
232309109141  517 2.3 1.8    1  545 4.1 7.3
232309109151  582 1.5 1.5    1  640 3.5 7.5
232309109161  402 1.3 1.8    1  474 3.9 8.2
232309109171  299 2.9 3.7    1  426 5.1 7.4
232309109181  455 2.7 1.9    1  482 3.6 8.5
232309109191  448 2.6 3.2    1  543 3.4 4.7
232309109201  554 2.5 2.7    1  574 5.3 6.4
232309109211  548 2.0 2.0    1  621 3.1 6.4
232309109221  497 1.4 2.6    1  518 3.3 8.5
232309109231  243 2.4 3.8    1  369 3.6 6.9
232309109241  112 2.6 2.6    1  371 3.4 6.7
232309109251  179 3.4 5.6    2  253 4.5 6.5
232309109264  438            4  464
232309109271  698 3.2 3.8    1  676 3.6 7.8
232309109281  428 1.5 2.0    1  481 3.7 7.1
232309109291  165 2.2 3.3    1  450 4.0 5.9
232309109301  170 3.3 4.5    1  267 5.4 7.7
232309110011  467 3.4 3.6    1  467 4.5 8.9
232309110021  189 2.4 4.4    1  341 4.1 6.2
232309110031  110 3.2 3.2    1  385 2.6 4.4
232309110041  148 4.1 4.1    1  244 5.8 7.5
232309110051  572 2.9 2.9    1  572 4.9 7.7
232309110061  594 4.8 4.5    1  594 4.9 8.1
232309110071  163 1.8 2.2    1  313 4.2 8.1
232309110081  193 2.6 2.7    1  405 3.8 6.8
232309110091  114 2.0 2.0    1  521 3.5 2.5
232309110101   75 0.7 0.7    1  250 3.8 5.5
232309110111   75 2.9 2.9    1  174 4.0 4.5
232309110121  101 3.7 3.7    1  197 5.4 7.5
232309110131  187 2.1 3.0    1  392 2.8 4.9
232309110141   73 1.3 1.3    1  300 4.0 7.3
232309110151  107 3.4 3.4    1  186 4.8 7.5
232309110161  405 2.9 3.5    1  424 3.7 5.6
232309110171  510 1.9 2.9    1  569 3.0 4.2
232309110181  395 0.8 1.6    1  449 2.5 2.7
232309110191  163 2.6 3.1    1  448 3.7 4.2
232309110201   95 0.6 0.6    1  874 7.7 3.0
232309110211   44 1.5 1.5    1  116 5.4 5.4
232309110221 1204 7.4 4.4    1  976 7.9 5.5
232309110231  220 2.8 3.4    1 1235 4.3 6.2
232309110241  904 2.4 4.4    1  962 6.1 6.3
232309110252 1251 4.4 2.6    2 1146 7.9 5.1
232309110262 102914.8 9.1    3 106412.9 8.5
232309110271  843 5.8 4.3    1  982 6.6 7.5
232309110281  563 7.8 3.7    1 1112 5.1 6.3
232309110292  833 6.2 6.4    1  667 5.5 8.4
232309110301 114311.4 6.5    1 1256 6.2 6.3
232309110311  101 1.3 1.3    1 1075 3.1 2.1
232309111011  212 1.4 2.0    1  819 2.6 2.9
232309111021  141 1.9 1.9    1  542 2.0 3.0
232309111031   97 2.9 2.9    1  319 2.6 3.5
232309111041  121 2.5 2.5    1  274 4.4 4.9
232309111051  169 1.1 1.3    1  392 3.2 3.4
232309111061   72 4.6 4.6    1  323 2.1 2.6
232309111071   98 1.2 1.2    1  310 1.9 2.7
232309111081  226 2.8 2.7    1  198 4.2 5.4
232309111091  563 2.8 3.1    1  455 5.1 7.9
232309111101  265 2.4 2.5    1  476 2.8 3.8
232309111111   95 2.0 2.0    1  673 3.4 3.6
232309111121  122 1.5 1.5    1  327 2.1 3.5
232309111131  185 3.5 3.8    1  226 7.310.1
232309111141  86513.3 6.6    1  736 8.0 8.9
232309111151 140610.1 5.5    1 1406 5.0 5.5
232309111161  144 1.8 1.8    1  634 3.7 4.6
232309111172  90914.3 9.3    2  98510.4 8.4
232309111181 1441 9.9 4.4    1 1389 4.3 5.5
232309111191  254 1.7 1.4    1  758 2.0 2.7
232309111201  322 1.3 1.9    1  399 2.5 3.0
232309111211  388 5.3 2.7    1  933 6.2 5.4
232309111221   81 1.4 1.4    1  984 6.0 3.8
232309111231  110 2.2 2.2    1  539 2.2 1.8
232309111241  200 1.3 1.2    1  590 2.3 2.2
232309111251  201 1.6 2.3    1  361 2.2 2.6
232309111261  135 1.3 1.3    1  241 3.3 3.5
232309111272  551 6.0 4.6    1  433 5.9 7.3
232309111281 127812.8 9.2    1 1319 8.7 6.1
232309111291  354 5.6 3.8    1  495 8.5 9.8
232309111301 131913.7 9.9    1 141410.5 8.0
232309112011  819 8.5 2.7    1  990 3.6 2.4
232309112021  144 1.6 1.6    1  429 2.5 1.5
232309112031  123 1.8 1.8    1  699 2.0 2.4
232309112041   93 1.6 1.6    1  414 1.7 1.6
232309112051  152 2.0 1.9    1  298 2.3 2.5
232309112061  234 1.3 1.6    1  476 2.1 2.3
232309112072 1401 8.0 6.2    1 1085 4.3 4.6
232309112081  92811.8 4.7    1 1508 5.2 3.1
232309112093  528 6.2 2.9    1  853 2.6 2.5
232309112101  129 1.2 1.2    1  390 3.5 5.3
232309112111   57 2.3 2.3    1  511 2.9 2.7
232309112121  114 1.6 1.6    1  179 2.6 3.3
232309112131  286 4.5 3.8    1  552 3.3 2.4
232309112141  396 4.6 5.5    1  412 1.9 2.6
232309112151  319 2.6 2.7    1  386 1.8 2.7
232309112161  221 2.9 3.2    1  199 2.3 2.5
232309112171  320 2.9 2.6    2  283 2.1 2.4
232309112182 1051 8.0 3.8    1  655 6.8 5.6
232309112191  846 8.3 4.6    1 154310.0 8.3
232309112201   66 2.3 2.3    1  647 4.6 4.9
232309112211  147 2.6 2.6    1  385     2.9
232309112221  114 2.6 2.6    1  355 1.9 2.1
232309112231   66 1.4 1.4    1  358 1.4 2.2
232309112241  126 1.1 1.1    1  218 1.8 2.6
232309112251  152 1.6 1.2    1  222 2.0 2.8
232309112261  145 1.3 1.3    1  314 3.1 2.1
232309112271  300 7.7 2.8    2  300 8.1 5.9
232309112282 135111.3 5.8    2  413 9.4 5.9
232309112292 124911.5 5.0    2  155 3.4 4.4
232309112301 1235 2.9 2.8    1  639 1.8 1.9
232309112311  322 1.5 2.0    1  414     2.5
232309112311  322 1.5 2.0    1  414     2.5
